16758
14919
9316
16954
16494
12346
14704
16219
16754
16959
20279
19008
18494
13179
13676
14372
13673
19501
17524
15446
16181
17965
16689
16468
19578
18774
18016
16693
17489
13892
16482
18505
13874
14680
12322
18736
19069
15395
17514
14913
14148
16688
12887
12599
13123
14380
12867
15217
13106
18772
17505
14180
16474
14672
15919
15931
12895
15191
16749
12875
15652
19056
14125
13602
18500
18786
15994
18278
13404
18466
17250
18041
18773
18277
12669
18268
16202
19310
17990
20031
15159
18249
19766
15457
20307
18252
13421
15461
14433
19291
14920
12396
14147
12359
17268
15726
13867
15421
19313
18515
12347
16452
14396
14154
13115
16944
17724
19034
14400
17476
19251
12579
14431
19053
18003
15190
15194
15397
16221
18735
14432
16161
15657
13662
16196
14195
19824
13692
14193
16200
17188
14201
14142
9284
19832
18262
14170
13641
15698
17697
16711
19508
15738
12850
13613
14189
18785
17197
14388
12624
15718
13657
15658
17787
17529
20273
17488
18780
14382
13432
14459
16723
13346
12666
17513
15719
14196
18008
9266
16484
19534
16981
18295
20087
16953
19282
9258
17237
18210
17271
18729
16945
13679
14376
14391
12865
13666
14900
18557
14707
13861
14440
19035
13882
14936
16731
17450
17482
15953
14149
17789
18004
15173
17206
18761
16705
18534
17270
17975
18538
20082
14143
20072
13655
9278
17720
16674
17014
16695
9277
16233
15143
14164
18517
13097
18530
18497
19552
12846
16226
12377
12644
19810
19290
14897
17215
18237
13858
16178
17977
12840
19542
17204
12380
13678
18299
20059
14691
15669
12649
12351
13114
17728
14671
18764
16427
14397
16222
20037
15704
18504
19765
18546
13117
17735
19252
18802
17515
19007
15161
18801
17748
17523
20281
14675
19050
19298
17779
16425
15214
20081
17441
18214
16722
15139
17468
13647
17497
20292
14955
18978
17959
16460
14944
12379
17195
14119
13150
17969
15462
12343
15175
12667
19536
12903
18796
14369
14203
15463
15918
16418
13670
18289
12913
13379
15448
15220
19323
15228
14676
19288
19783
14410
14968
12663
14932
15181
13091
17193
19562
14197
12888
14942
14441
12388
14146
13387
9290
15930
19493
14447
14157
13131
18525
14911
17252
16678
9271
18263
19576
13119
13626
19004
12600
15169
18528
9280
20043
18476
15925
15418
16471
20022
12389
17464
20021
18806
14449
20269
17257
14899
19553
19512
13366
19046
14418
19006
14411
12618
14426
18024
16993
17276
13603
16947
13686
18526
19530
13883
18529
16209
16240
19566
19791
17985
17755
14678
13370
13113
15662
15192
20028
17221
9307
14384
15728
20002
20302
14690
17005
14956
16507
19554
17759
18470
9264
13156
15995
13385
15686
20089
15935
19799
14457
19757
18752
20023
12588
12641
12378
18809
15447
14702
12650
18235
18287
13889
14673
20274
18472
16992
19506
12622
9286
17742
18465
14715
16983
19260
12403
16227
17763
18296
12839
18745
15695
19521
18250
16447
14638
13896
13386
13098
18007
19001
13090
16720
18239
15427
16225
17734
20016
18023
19309
9293
12337
12856
13161
17773
15210
13142
19502
19270
13438
14910
14145
15729
19259
17498
16936
12596
12871
17993
15160
20067
13411
19498
13092
15714
15936
19067
19250
16748
16426
14204
9314
14450
19311
19758
15715
12851
19550
13105
13146
14162
19237
18771
12854
18992
16510
16167
14712
19325
13352
12918
13138
18523
19037
13945
14667
15150
12916
18728
15226
19746
12868
17222
18293
16419
17238
16505
13899
19030
15153
17785
18759
17239
9310
16969
14200
15406
14121
16740
12863
15426
16683
13408
14895
19835
18797
13100
15445
14696
16746
19745
18486
18012
20048
15224
17726
12609
18790
19249
13685
15924
16449
12382
20265
18788
15140
15982
19826
12398
19761
17472
17730
19756
16216
14655
13642
20298
20053
17954
14373
20259
14439
19563
13624
18253
14158
16975
14160
15178
14390
13907
15225
12376
9294
15464
14717
15724
16448
16495
13908
17260
14374
18777
17786
15452
20300
16697
16446
15949
19289
12614
15678
16217
9309
14969
16496
18555
17976
17501
12869
19296
18510
19303
16685
16702
16729
17528
15742
17245
14687
20290
14654
18531
17717
18038
17790
14140
14689
19786
17199
14684
17491
18755
17022
16958
13172
16977
18232
15908
17218
17511
15954
19570
18545
14716
18260
12329
16675
19787
14653
16687
15167
18025
18243
13151
15156
13878
12877
13617
13153
17520
12390
13375
17495
17743
13639
19818
9275
9296
18518
20270
12642
17224
17981
19002
19546
14414
17233
18536
19565
18005
15952
16504
19042
19504
14658
19059
9265
20066
17953
17017
14416
14699
13653
15693
12841
16956
19253
17458
18793
16212
12905
20285
14967
16465
20262
18279
12881
13659
19245
9312
15434
18261
19015
18485
15965
18487
19767
20055
12874
16762
17774
14917
16673
13124
17230
20034
18767
13948
12845
17758
13158
12332
13658
9269
17956
20282
16681
19011
15208
14427
15137
19577
16470
19326
13374
13894
17966
20044
14888
16442
14113
17202
19815
14442
12402
9267
12411
14926
19029
17219
12656
18040
14425
19543
15927
17256
18002
15416
12620
17732
20295
14205
19315
14173
19244
17714
18734
17744
13635
15413
15979
18979
17731
13398
17970
14185
18021
17710
13359
18519
19000
13876
19496
13919
15174
19248
12652
14705
13675
20061
15229
15942
14940
12323
14695
13148
15983
19256
13884
17019
9297
18739
16450
16252
18760
15193
18245
19305
17962
16205
18233
15425
18216
18533
12919
16211
16700
14949
18033
16183
18542
16223
14939
14375
14636
20288
18778
18281
18257
18251
18987
14929
14645
19836
13422
14937
14947
15148
18737
19023
14902
14134
13682
13890
16500
19831
19822
14713
17512
19049
15998
15655
15422
13400
19539
18810
18026
17466
9272
14167
18988
15947
18982
16453
19771
12613
17722
19018
13157
15408
13135
18799
12412
18474
18521
12626
9298
18540
16466
9252
14693
18498
17217
17782
14697
12595
19287
14430
17191
15997
17521
13128
12645
16703
16735
17781
19798
17021
16459
15199
12926
13923
15420
12921
18030
14178
18280
20068
18495
15654
19784
19795
16191
16244
13392
19768
17272
12339
18285
13872
14928
17711
18223
16428
19044
15398
16717
13403
13380
14188
9274
19010
19060
19295
15195
14136
15740
14630
13395
15470
16229
20079
19039
12654
16237
14424
19544
13921
13886
15650
14451
12365
19820
9299
14448
19268
17500
18246
17777
15679
20007
13094
15414
17483
14122
18301
16480
14406
13645
15940
15944
15409
18009
15969
16182
13949
13633
19533
18726
19568
12855
20025
12896
19043
17531
15951
17751
19838
13656
18258
15689
14954
14445
16231
13413
16445
17258
12638
17739
20258
14904
17201
19802
17982
15680
13125
14181
13409
13132
17961
16713
12400
18035
13606
17226
15694
17006
18779
14128
13620
14117
13130
17263
12857
13618
17533
18229
19789
9276
13615
19754
15739
12393
13373
20035
19233
19779
14701
19062
14885
13863
18539
19276
12602
14688
17231
12653
18513
18290
14172
18034
15939
17013
20261
9292
15482
16417
12833
19009
16974
18479
20041
13384
12631
15481
12590
12395
12660
15656
18467
13609
19247
17522
19314
16437
16423
13180
18762
12884
18784
18724
12892
20056
16197
13690
12848
12634
20299
14660
18812
14385
13929
16422
13163
13347
16208
15701
15394
15472
14666
17745
17000
16485
14405
14891
19522
16165
14656
16727
12577
9256
14436
14409
16677
19292
14957
15961
12872
18514
16476
19819
19271
17477
17236
19285
15475
17010
18746
13089
15432
14381
14644
19764
15180
12909
16180
18256
19317
16739
12637
20294
17733
18302
17761
17478
15196
18282
15911
13942
16966
20038
15204
12924
19024
19790
19284
14123
13891
18747
17760
20050
12920
18795
15402
15920
13414
18227
19274
13916
13687
20296
12598
19277
15176
16951
14389
19304
18798
16479
15164
9313
18535
12581
19547
12608
15145
13166
16929
13121
19267
13137
19013
14387
13378
12610
15923
16194
19571
13868
12908
13355
13397
14887
18266
19254
13410
16973
16441
17462
19058
16763
16199
17783
13111
14640
18247
13684
17701
15216
17278
15691
14399
13619
13127
14194
9279
18985
16501
14670
15699
16509
15412
16189
17955
15469
12630
17517
19258
14114
13349
19047
18996
14163
15675
17527
16473
15725
14933
20014
15975
16744
17248
14903
18787
13383
13110
18219
14915
19834
12353
14661
13390
20008
18017
20065
19324
20263
15696
18292
19778
13879
18516
15938
19532
18213
15419
15971
14126
16245
14403
9254
18481
19297
15430
13669
13363
14159
13864
13638
19560
20071
20036
19748
17530
19518
14165
17470
18212
19753
15474
12350
18244
13112
17249
18984
15735
14199
16680
14922
16246
17737
12632
13881
15141
14898
14130
16455
18264
12911
17770
20073
12374
12591
17194
18997
15183
17009
16162
14392
12640
18506
20306
16967
19573
19800
18238
19257
18731
13895
14669
17516
19005
16686
15206
19780
12585
17723
16712
14415
20052
12578
13631
15706
17225
19775
13357
16243
16732
15702
17706
18522
18768
20078
19240
19829
13939
16234
19505
20280
15736
16938
20051
17972
17445
15708
13614
12906
15213
18469
12882
19017
16506
18045
16457
14646
14168
15668
17699
13362
19557
17487
13381
12607
17995
18792
20283
17506
16491
16734
14925
19026
12880
12647
17205
14961
19770
15974
20042
13399
14907
13348
14711
20084
15664
14191
12627
17186
15215
13394
19045
15138
9285
12589
19509
13689
14627
17986
17002
15649
19812
14454
12330
15171
16483
16250
16682
20080
16998
19302
15209
17451
18226
17264
16201
15443
12584
15987
15685
14970
13693
15158
14686
19272
16684
19052
13174
16963
16251
19529
16492
15985
12668
15723
17503
13660
19300
18804
19319
12387
17753
19064
17259
15972
16432
16207
13371
19275
20049
16676
14958
13101
17707
15665
12593
17214
19792
13663
12587
14966
14401
15480
18748
15922
17269
13401
15673
16733
13368
16503
16171
19038
17020
12910
17980
16990
19494
17011
18502
16737
13149
19527
14647
19003
14398
13108
12385
19528
18524
13176
9263
19051
13630
17453
13918
19540
19055
19306
19569
15717
12834
20266
16709
16210
16203
13601
17265
12611
13423
16724
20303
14153
18230
13924
14133
14402
9321
17018
20092
13116
9270
14166
12901
19769
16230
14881
18553
16472
14694
12643
13911
17526
13869
13870
15423
15960
20020
14634
16980
20011
13860
18991
15410
18037
16715
15207
14652
15712
12334
14664
15933
16502
13418
14132
19507
18031
12849
18750
14886
17718
13651
19057
18231
19516
14681
19575
18259
19307
14708
15411
17764
16462
12852
15676
15179
13436
14905
16970
14378
17461
13932
13152
12897
12326
16443
18550
17463
15152
14883
12917
19809
16972
15943
15914
19773
15734
15186
16176
20024
12408
12372
15988
16499
13134
15968
17474
16498
16477
16475
14139
19019
15700
19263
17190
14379
12883
16218
14901
19255
17738
19814
15709
15478
13182
19262
15663
14437
9281
16955
15212
18509
18537
17519
13102
13898
9325
13875
15937
13104
17485
12325
14927
9330
20305
15906
17446
16968
13429
17992
13934
18218
18727
17460
19036
13607
13099
17486
13866
12370
17274
14659
19564
19281
19316
17704
13141
15396
12847
14964
14407
17455
17243
14421
16253
15962
9305
16964
15926
17747
14642
12860
19022
14422
19048
13118
17741
14420
19068
18503
15697
12619
14921
13859
15720
13904
13164
19747
19312
15458
15705
15453
17267
15198
12873
16994
17494
9303
20291
18738
14918
14183
17987
14649
16220
15976
15431
18492
16760
17247
15403
16765
17448
14674
20272
9324
13938
13930
17978
16979
14152
13871
13646
12340
15484
12904
13900
12583
13622
15956
16235
16254
13402
12923
12836
17705
19817
12639
13668
19526
13103
14434
13096
17504
16757
17509
12636
18221
13605
15465
18043
9287
12381
15200
20091
14629
17698
12371
20069
12321
12331
17266
16192
20010
19234
17715
17203
17273
17481
17525
13914
14370
12843
18512
16464
16699
18240
19280
19033
18276
19239
13140
13664
13129
19794
13611
17983
14192
12413
13162
13426
13681
18490
14679
17750
16982
19750
13144
17200
14137
16172
13356
19269
20277
12592
14428
15674
17240
15666
12603
16679
13944
16177
16984
18039
18803
14395
12348
17778
17465
12604
19286
13920
12633
18766
14206
18300
13093
16940
16721
14700
14151
9308
18267
17496
14462
19541
13406
18234
12838
19025
18482
15439
18730
13688
12586
12401
15737
15980
15433
13946
16976
14631
17008
16741
18520
18272
17213
14965
13691
13880
16481
17209
16168
13376
19511
15415
14423
20086
20304
14371
15945
18001
16241
13159
20074
13665
14135
19063
20015
14124
15989
17518
13928
18789
12635
12356
16937
14632
17208
12862
18036
17207
17003
20012
12915
19551
18751
19041
14893
20264
9268
15963
16957
14974
20058
20006
18228
12907
19032
19813
17216
13935
13610
15732
17242
12345
14144
20289
16195
13925
19804
12648
17772
13652
16436
12870
16730
14930
12410
18297
9322
18029
9327
12368
18552
15955
9323
19065
13396
19833
19749
13407
20039
17229
14394
17700
15684
18742
9259
14916
17241
18478
12864
15981
13649
17999
19514
19321
14665
12893
14934
13950
16179
18484
19579
16718
15442
17471
17187
17771
16490
19811
17762
18733
13629
18241
15907
16420
17452
15730
18220
19762
18998
16719
15912
16930
9311
20284
13145
18491
14941
19531
12582
17974
13126
16738
12352
9273
18743
17968
19278
19273
16467
14884
15916
15957
13095
16742
17998
14668
13677
19555
15454
16166
18541
15986
12361
13941
14150
16239
13901
9331
20088
14190
14198
15459
14663
18800
12363
12580
16691
15166
16707
14639
13936
13424
15996
18288
14882
19524
18028
14641
12354
14637
14419
15147
18488
18740
18499
13628
14677
17234
13905
14698
17016
14906
14118
17454
15690
15913
13917
12344
19830
12369
19796
16939
14946
18020
12615
12664
13637
16996
16753
20047
19782
16190
13680
15441
13365
16440
19489
15187
9289
12616
12617
14948
15716
20033
14120
18756
14452
13175
16431
14960
17989
19535
15731
18757
15184
16755
13364
14626
13857
13616
16950
18548
14683
17769
12349
16728
16985
19556
16935
16433
17740
17960
12397
19572
19261
13351
12341
12886
15486
14156
12360
17469
19308
15471
15202
15429
13391
17492
20009
16469
13345
19751
19821
16206
15219
15966
17776
17244
17729
18468
12367
14184
17979
20027
15222
14959
17254
16759
18783
16215
12651
16248
15485
15703
12409
17736
17721
19772
12407
17767
12328
18019
19525
13927
13877
12891
13417
18983
12853
16187
19515
15168
13604
14446
17493
17971
17443
15444
14456
19020
14952
13171
13122
17712
17480
13419
20003
14161
15905
16451
15197
13437
18044
12899
14176
18269
18046
12890
14950
19581
12342
18770
12837
19492
19510
12914
20301
13643
15990
19242
14912
14444
16174
17211
15710
16444
14889
16170
18508
13683
16745
15435
14177
12612
12364
16698
19264
19491
15456
12366
13431
20287
15172
16701
19582
12658
13354
14129
13160
15151
16995
17752
17757
14417
13428
20029
19027
9261
17479
18493
16997
14412
17964
13433
14662
12383
13139
16434
12861
12327
15468
14706
14408
15984
12597
13634
20297
15681
13885
12324
16942
17502
18483
15672
12386
20005
14186
13133
15393
20013
16960
16949
18027
16710
13915
19755
18011
16247
15741
15670
15671
15948
14963
18741
16962
12357
19301
16931
20004
17766
16424
15473
14182
18215
13120
15460
18015
15915
15733
13661
16932
14896
12358
13913
16163
18554
14685
13425
12335
14438
12885
14635
19781
13173
15404
20286
17788
16694
13136
20057
18000
15941
19558
20275
17459
15154
14460
20267
17703
15203
17997
17198
18471
12392
13169
14413
14116
17957
18782
12670
19500
12665
18022
17963
13627
18473
17246
16708
19294
17713
17185
16986
16198
15688
15483
17991
16184
14138
20093
15946
16971
16228
17444
20077
18813
16430
12900
16761
14404
14175
16439
17447
17994
17473
17015
14971
18977
13648
16716
13178
17210
9304
14924
13888
15170
9301
16692
15205
19523
14458
16736
13636
19318
13667
15165
15932
17719
9320
16478
19495
13654
12662
13903
19752
20293
14383
14682
15455
18511
16238
18284
17228
15405
13107
12925
18013
13181
14714
17457
19537
19513
15177
18725
17253
19816
17702
15162
19797
13862
18549
19021
18980
17727
14908
16435
16429
15424
13369
18723
18475
17499
15227
18981
16933
18298
15651
15467
18283
15399
12876
12362
12835
17251
16706
19806
20026
15653
14938
19760
12601
18781
18477
19241
17232
12399
13943
18543
18270
13143
19236
13632
17004
17189
18754
15929
13382
19545
17001
12404
14127
14115
13430
18995
16164
9262
18556
14453
15188
13170
12373
13865
18248
19499
20094
15978
18744
18501
17490
15692
14962
17709
16704
14461
17534
16991
18989
15142
14650
17277
19520
18814
19759
16989
9288
20257
19293
13109
12336
17262
13897
13372
15157
12355
15155
19028
15661
17196
12889
17449
17507
13909
12605
16766
12866
13415
17532
17227
12384
20017
13360
19559
14187
13940
9282
13165
13644
14174
17275
19012
18032
16169
19825
15660
14435
13671
15223
9300
15163
18753
13912
16988
16752
17749
14633
14386
14651
14455
18999
14953
18489
15950
9306
17235
15687
14131
12879
16941
14943
18986
15451
16934
19567
16232
13902
16458
13910
19805
19823
19828
18775
20063
18994
16193
15659
12338
19016
18480
13358
9302
20019
16461
12661
17012
15909
15146
17984
12657
17510
16508
12844
15221
13926
13931
16456
19561
18805
19265
19031
17958
16497
15401
19788
20030
13367
18271
15417
17775
17484
19774
18275
13650
13420
12606
13625
15917
13393
13608
12405
16463
15440
20040
15727
18254
16185
15477
13168
18763
16438
19054
19801
16204
17212
15450
18769
20278
19066
16493
19827
17780
12333
12394
17508
19070
12375
14648
13435
12894
18006
15682
13933
18558
19061
16750
17784
15479
18242
13350
13672
19574
17988
16487
12625
9250
15958
16175
15437
18236
14179
14709
13405
20271
17973
13873
14141
16489
16488
13388
13177
19497
13416
17220
14692
13389
20276
13674
18496
16236
17967
14914
18808
14643
13353
15973
16173
13377
19246
13947
12621
18807
13434
15211
14377
14710
18990
14628
15711
18544
18265
18993
16249
16714
14931
20062
13623
16213
14718
17223
13937
16943
17725
19299
18732
18018
17442
15466
18014
19807
12898
16188
13361
18749
19014
14393
14443
19266
20090
9318
18291
16421
20083
15189
18547
20085
9260
12912
19519
19490
15992
18224
16743
16987
13922
14202
18507
14972
12859
19283
14625
17255
20032
17765
20076
19243
14973
15910
16454
15934
15991
18286
19322
14951
17768
15993
16756
13412
13893
15713
20060
19837
18551
15677
12858
17467
19776
15959
13640
9291
17716
13612
16242
17756
13154
18255
15436
9295
15476
16214
20045
15182
13167
12594
12646
12391
16999
20075
12922
14171
19763
14923
19777
18010
18294
16696
15230
19320
18042
19238
19580
16948
20064
15667
18225
16764
12878
18222
12623
17754
15144
19803
18274
14945
19549
17996
19517
15970
18217
15721
19785
19503
16952
16961
15964
17746
14892
15928
20001
17456
14169
15149
17192
19548
13694
14935
17708
15438
19793
12406
13621
14429
13906
15407
15400
15921
16946
16747
18211
16690
16751
13155
18758
13887
12902
14657
12842
20054
18721
19235
12628
16965
17475
14703
18532
12414
14155
16486
15201
18722
12655
14894
15218
19808
18527
15428
13147
18811
15707
17007
16224
19040
19279
15683
16725
12659
15185
18209
15722
16186
20070
20046
18794
20018
18791
20260
19538
14909
15449
18776
12629
16978
16726
17261
20268
18273
18765
15967
14890
15977
13427
